[gd_scene load_steps=5 format=3 uid="uid://c3x8hrmnbd5w3"]

[ext_resource type="PackedScene" uid="uid://cu5fsnfycmrx0" path="res://kinitomodel.tscn" id="1_80bhs"]
[ext_resource type="PackedScene" uid="uid://cpfyp6jj0wel2" path="res://surfkinito.glb" id="2_on35a"]

[sub_resource type="Animation" id="Animation_vmlu4"]
resource_name = "Talking"
length = 0.958333
tracks/0/type = "scale_3d"
tracks/0/imported = true
tracks/0/enabled = true
tracks/0/path = NodePath("Head")
tracks/0/interp = 1
tracks/0/loop_wrap = true
tracks/0/keys = PackedFloat32Array(0, 1, 1, 1, 1, 0.0333333, 1, 1, 1, 1, 0.0666667, 1, 1.04512, 1.04512, 1.04512, 0.1, 1, 1.10528, 1.10528, 1.10528, 0.133333, 1, 1.13536, 1.13536, 1.13536, 0.2, 1, 1.01504, 1.01504, 1.01504, 0.233333, 1, 1, 1, 1, 0.266667, 1, 1, 1, 1, 0.3, 1, 1.01504, 1.01504, 1.01504, 0.366667, 1, 1.13536, 1.13536, 1.13536, 0.4, 1, 1.10528, 1.10528, 1.10528, 0.433333, 1, 1.04512, 1.04512, 1.04512, 0.466667, 1, 1, 1, 1, 0.533333, 1, 1, 1, 1, 0.566667, 1, 1.04512, 1.04512, 1.04512, 0.6, 1, 1.10528, 1.10528, 1.10528, 0.633333, 1, 1.13536, 1.13536, 1.13536, 0.7, 1, 1.01504, 1.01504, 1.01504, 0.733333, 1, 1, 1, 1, 0.766667, 1, 1, 1, 1, 0.8, 1, 1.01504, 1.01504, 1.01504, 0.866667, 1, 1.13536, 1.13536, 1.13536, 0.9, 1, 1.10528, 1.10528, 1.10528, 0.958333, 1, 1, 1, 1)

[sub_resource type="AnimationLibrary" id="AnimationLibrary_ny07y"]
_data = {
"Talking": SubResource("Animation_vmlu4")
}

[node name="Node3D" type="Node3D"]
transform = Transform3D(1, 0, 0, 0, 1, 0, 0, 0, 1, -0.00222605, -5.96046e-08, 0.0051558)

[node name="KinitoA" parent="." instance=ExtResource("1_80bhs")]
transform = Transform3D(0.0920503, 0, 0, 0, 0.0920503, 0, 0, 0, 0.0920503, 0, 0, 0)

[node name="AnimationPlayer2" type="AnimationPlayer" parent="KinitoA"]
root_node = NodePath("../../Kinito2")
libraries = {
"": SubResource("AnimationLibrary_ny07y")
}

[node name="surfkinito" parent="KinitoA" instance=ExtResource("2_on35a")]
transform = Transform3D(-0.230616, 0.16743, 4.19849, 0.718591, 4.14793, -0.135387, -4.14125, 0.685143, -0.25677, 3.38431, -3.6275, -2.20302)

[node name="Kinito2" parent="." instance=ExtResource("1_80bhs")]
transform = Transform3D(0.0920503, 0, 0, 0, 0.0920503, 0, 0, 0, 0.0920503, 0, -0.00520848, 0)
visible = false

[node name="SpotLight3D" type="SpotLight3D" parent="."]
transform = Transform3D(-0.973179, 0.00696114, -0.229944, -4.65661e-10, 0.999542, 0.0302594, 0.230049, 0.0294478, -0.972733, -0.485208, 0.0992166, -0.49048)
visible = false
light_energy = 0.839
light_indirect_energy = 0.0
light_volumetric_fog_energy = 0.0
spot_range = 0.856
spot_angle = 34.55

[node name="Camera3D" type="Camera3D" parent="."]
transform = Transform3D(1, 0, 0, 0, 1, 0, 0, 0, 1, -0.0157746, 0.190594, 1.4275)
near = 0.035
far = 54.04

[node name="DirectionalLight3D" type="DirectionalLight3D" parent="Camera3D"]
transform = Transform3D(1, 0, 0, 0, 0.999542, 0.0302594, 0, -0.0302594, 0.999542, -0.00410976, 1.49114, 2.06218)
light_energy = 1.57
light_indirect_energy = 3.747
light_volumetric_fog_energy = 1.808
shadow_bias = 1.35
sky_mode = 1

[node name="DirectionalLight3D2" type="DirectionalLight3D" parent="Camera3D"]
transform = Transform3D(-0.975588, -0.187044, -0.115076, -0.0744837, 0.774766, -0.627846, 0.206592, -0.603947, -0.769784, -0.00410976, 1.49114, 2.06218)
light_energy = 1.3
light_indirect_energy = 2.616
light_volumetric_fog_energy = 1.808
directional_shadow_max_distance = 64.5
sky_mode = 1

[node name="DirectionalLight3D3" type="DirectionalLight3D" parent="Camera3D"]
transform = Transform3D(-0.917916, -0.318635, -0.236436, -0.328477, 0.276006, 0.903285, -0.222561, 0.906803, -0.358015, -0.00410976, 1.49114, 2.06218)
light_energy = 1.3
light_indirect_energy = 2.616
light_volumetric_fog_energy = 1.808
directional_shadow_max_distance = 64.5
sky_mode = 1

[node name="AnimationPlayer" type="AnimationPlayer" parent="."]
